119.3
1711
None
129.2
1711
1
140.0
1711
1
150.8
1711
1
162.5
1711
1
173.75
1711
1
185.9
1711
1
198.5
1711
1
211.55
1711
1
223.7
1711
1
236.75
1711
1
249.35
1711
1
261.95
1711
1
274.55
1711
1
287.6
1711
1
300.2
1711
1
312.8
1711
1
324.95
1711
1
336.65
1711
1
348.8
1711
1
360.95
1711
1
372.2
1711
1
384.35
1711
1
395.6
1711
1
406.85
1711
1
418.1
1711
1
428.9
1711
1
439.25
1711
1
449.6
1711
1
459.5
1711
1
469.4
1711
1
479.75
1711
1
488.75
1711
1
498.2
1711
1
507.65
1711
1
runtime error
1711
1
525.65
1711
1
534.65
1711
1
543.2
1711
1
551.3
1711
1
558.5
1711
1
567.05
1711
1
575.15
1711
1
582.8
1711
1
590.45
1711
1
598.1
1711
1
604.85
1711
1
611.15
1711
1
619.25
1711
1
626.0
1711
1
632.3
1711
1
639.05
1711
1
645.35
1711
1
651.65
1711
1
657.5
1711
1
663.8
1711
1
669.65
1711
1
675.5
1711
1
680.0
1711
1
686.3
1711
1
687.2
1711
1
689.9
1711
1
693.05
1711
1
697.1
1711
1
700.7
1711
1
704.75
1711
1
708.8
1711
1
712.85
1711
1
716.9
1711
1
720.95
1711
1
725.0
1711
1
729.05
1711
1
734.0
1711
1
738.05
1711
1
742.1
1711
1
745.7
1711
1
749.75
1711
1
754.25
1711
1
758.3
1711
1
762.8
1711
1
766.4
1711
1
770.9
1711
1
774.95
1711
1
779.0
1711
1
783.05
1711
1
787.1
1711
1
790.7
1711
1
794.75
1711
1
798.8
1711
1
802.4
1711
1
806.45
1711
1
810.5
1711
1
814.1
1711
1
817.7
1711
1
821.3
1711
1
824.9
1711
1
828.5
1711
1
831.65
1711
1
835.7
1711
1
839.3
1711
1
842.45
1711
1
846.05
1711
1
849.65
1711
1
853.25
1711
1
856.4
1711
1
860.45
1711
1
864.05
1711
1
867.2
1711
1
870.8
1711
1
874.4
1711
1
877.55
1711
1
880.7
1711
1
884.3
1711
1
887.45
1711
1
890.6
1711
1
894.2
1711
1
897.35
1711
1
900.95
1711
1
904.1
1711
1
907.25
1711
1
909.95
1711
1
913.55
1711
1
916.25
1711
1
919.85
1711
1
923.45
1711
1
926.6
1711
1
929.75
1711
1
932.9
1711
1
936.05
1711
1
939.2
1711
1
942.35
1711
1
945.05
1711
1
948.2
1711
1
951.35
1711
1
954.5
1711
1
956.75
1711
1
960.35
1711
1
963.5
1711
1
966.2
1711
1
969.35
1711
1
972.5
1711
1
975.2
1711
1
978.35
1711
1
981.05
1711
1
983.75
1711
1
986.9
1711
1
989.6
1711
1
992.75
1711
1
995.45
1711
1
998.15
1711
1
1000.85
1711
1
1004.0
1711
1
1006.7
1711
1
1009.4
1711
1
1012.1
1711
1
1015.25
1711
1
1017.95
1711
1
1020.65
1711
1
1023.35
1711
1
1026.05
1711
1
1029.2
1711
1
1031.9
1711
1
1035.05
1711
1
1037.75
1711
1
1040.45
1711
1
1043.6
1711
1
1046.3
1711
1
1049.0
1711
1
1051.7
1711
1
1054.4
1711
1
1057.1
1711
1
1059.8
1711
1
1062.5
1711
1
1065.65
1711
1
1068.35
1711
1
1071.05
1711
1
1073.75
1711
1
1076.45
1711
1
1079.15
1711
1
1081.4
1711
1
1084.55
1711
1
1087.25
1711
1
1089.95
1711
1
1092.65
1711
1
1095.35
1711
1
1098.05
1711
1
1100.75
1711
1
1103.45
1711
1
1105.7
1711
1
1108.85
1711
1
1111.55
1711
1
1113.8
1711
1
1116.5
1711
1
1119.2
1711
1
1121.9
1711
1
1124.6
1711
1
1126.85
1711
1
1129.55
1711
1
1132.25
1711
1
1134.95
1711
1
1137.2
1711
1
1139.9
1711
1
1142.6
1711
1
1145.3
1711
1
1147.55
1711
1
1150.25
1711
1
1152.95
1711
1
1155.2
1711
1
1157.9
1711
1
1160.15
1711
1
1162.85
1711
1
1165.55
1711
1
1168.25
1711
1
1170.5
1711
1
1172.75
1711
1
1175.0
1711
1
1177.7
1711
1
1179.95
1711
1
1182.65
1711
1
1185.35
1711
1
1187.6
1711
1
1189.85
1711
1
1192.55
1711
1
1195.25
1711
1
1197.5
1711
1
1199.75
1711
1
1202.45
1711
1
1204.7
1711
1
1207.4
1711
1
1209.65
1711
1
1211.9
1711
1
1214.15
1711
1
1216.4
1711
1
1218.65
1711
1
1220.9
1711
1
1223.6
1711
1
1225.85
1711
1
runtime error
1711
1
1230.35
1711
1
1232.6
1711
1
1234.85
1711
1
1237.1
1711
1
1239.35
1711
1
1242.05
1711
1
1244.3
1711
1
1246.55
1711
1
1248.8
1711
1
1251.5
1711
1
1253.75
1711
1
1256.0
1711
1
1258.25
1711
1
1260.5
1711
1
1262.75
1711
1
1265.0
1711
1
1267.7
1711
1
1269.95
1711
1
1271.75
1711
1
1274.0
1711
1
1276.25
1711
1
1278.5
1711
1
1281.2
1711
1
1283.45
1711
1
1285.7
1711
1
1287.95
1711
1
1289.75
1711
1
1292.45
1711
1
1294.25
1711
1
1296.5
1711
1
1298.75
1711
1
1301.0
1711
1
1303.25
1711
1
1305.5
1711
1
1307.3
1711
1
1309.55
1711
1
1311.8
1711
1
1314.05
1711
1
1316.3
1711
1
1318.1
1711
1
1320.35
1711
1
1322.6
1711
1
1324.4
1711
1
1326.65
1711
1
1328.9
1711
1
1330.25
1711
1
1333.4
1711
1
1335.2
1711
1
1337.45
1711
1
1339.7
1711
1
1341.5
1711
1
1343.3
1711
1
1345.55
1711
1
1347.8
1711
1
1350.05
1711
1
1351.85
1711
1
1353.65
1711
1
1355.9
1711
1
1357.7
1711
1
1359.95
1711
1
1361.75
1711
1
1364.0
1711
1
1366.25
1711
1
1368.05
1711
1
1369.85
1711
1
1372.1
1711
1
1373.9
1711
1
1375.7
1711
1
1377.95
1711
1
1379.75
1711
1
1382.0
1711
1
1383.8
1711
1
1385.6
1711
1
1387.85
1711
1
1389.2
1711
1
1391.45
1711
1
1393.7
1711
1
1395.5
1711
1
1397.3
1711
1
1398.65
1711
1
1400.9
1711
1
1403.15
1711
1
1404.95
1711
1
1406.75
1711
1
1409.0
1711
1
1411.25
1711
1
1412.6
1711
1
1414.85
1711
1
1416.65
1711
1
1418.45
1711
1
1420.25
1711
1
1422.5
1711
1
1424.3
1711
1
1426.1
1711
1
1427.9
1711
1
1429.7
1711
1
1431.95
1711
1
1433.75
1711
1
1435.55
1711
1
1437.35
1711
1
1439.6
1711
1
1440.95
1711
1
1443.2
1711
1
1445.0
1711
1
1446.8
1711
1
1448.6
1711
1
1450.4
1711
1
1452.2
1711
1
1454.0
1711
1
1456.25
1711
1
1458.05
1711
1
1459.85
1711
1
1461.2
1711
1
1463.45
1711
1
1465.25
1711
1
1467.05
1711
1
1468.85
1711
1
1470.65
1711
1
1472.45
1711
1
1474.25
1711
1
1476.05
1711
1
1477.85
1711
1
1479.65
1711
1
1481.45
1711
1
1483.25
1711
1
1485.05
1711
1
1486.4
1711
1
1488.65
1711
1
1490.45
1711
1
1492.25
1711
1
1494.05
1711
1
1495.85
1711
1
1497.65
1711
1
1499.45
1711
1
1501.25
1711
1
1503.05
1711
1
1504.85
1711
1
1506.2
1711
1
1508.45
1711
1
1509.8
1711
1
1511.6
1711
1
1513.4
1711
1
1515.2
1711
1
1517.0
1711
1
1518.8
1711
1
1520.15
1711
1
1522.4
1711
1
1523.75
1711
1
1525.55
1711
1
1527.35
1711
1
1529.15
1711
1
1530.5
1711
1
1532.3
1711
1
1534.1
1711
1
1535.9
1711
1
1537.25
1711
1
1539.05
1711
1
1540.85
1711
1
1542.65
1711
1
1544.45
1711
1
1545.8
1711
1
1547.6
1711
1
1549.4
1711
1
1550.75
1711
1
1552.55
1711
1
1554.35
1711
1
1556.15
1711
1
1557.5
1711
1
1559.3
1711
1
1560.65
1711
1
1562.45
1711
1
1564.25
1711
1
1565.6
1711
1
1567.4
1711
1
1569.2
1711
1
1571.0
1711
1
1572.35
1711
1
1573.7
1711
1
1575.5
1711
1
1577.3
1711
1
1578.65
1711
1
1580.45
1711
1
1581.8
1711
1
1583.6
1711
1
1584.95
1711
1
1586.75
1711
1
1588.1
1711
1
1589.45
1711
1
1591.25
1711
1
1593.05
1711
1
1594.4
1711
1
1595.75
1711
1
1597.55
1711
1
1598.9
1711
1
1600.7
1711
1
1602.05
1711
1
1603.85
1711
1
1605.2
1711
1
1607.0
1711
1
1608.35
1711
1
1609.7
1711
1
1611.5
1711
1
1612.85
1711
1
1614.2
1711
1
1616.0
1711
1
1617.35
1711
1
1618.7
1711
1
1620.5
1711
1
1621.85
1711
1
1623.2
1711
1
1624.1
1711
1
1626.35
1711
1
1627.25
1711
1
1629.05
1711
1
1630.85
1711
1
1632.2
1711
1
1633.55
1711
1
1635.35
1711
1
1636.7
1711
1
1638.05
1711
1
1639.4
1711
1
1640.75
1711
1
1642.55
1711
1
1643.9
1711
1
1645.25
1711
1
1646.6
1711
1
1647.95
1711
1
1649.3
1711
1
1651.1
1711
1
1652.45
1711
1
1653.8
1711
1
1655.15
1711
1
1656.5
1711
1
1657.85
1711
1
1659.2
1711
1
1661.0
1711
1
1661.9
1711
1
1663.25
1711
1
1665.05
1711
1
1666.4
1711
1
1667.75
1711
1
1669.1
1711
1
1670.45
1711
1
1671.8
1711
1
1673.15
1711
1
1674.5
1711
1
1675.85
1711
1
1677.2
1711
1
1678.55
1711
1
1679.45
1711
1
1681.25
1711
1
1682.15
1711
1
1683.5
1711
1
1685.3
1711
1
1686.2
1711
1
1688.0
1711
1
1688.9
1711
1
1690.25
1711
1
1691.6
1711
1
1692.95
1711
1
1694.3
1711
1
1695.65
1711
1
1697.0
1711
1
1698.35
1711
1
1699.7
1711
1
1701.05
1711
1
1701.95
1711
1
1703.3
1711
1
1704.65
1711
1
1706.0
1711
1
1707.35
1711
1
1708.7
1711
1
1710.05
1711
1
1711.4
1711
0.9917993274211865
1712.3
1711.75
0
1703.75
1712.5
0.1793897459357977
1687.55
1713.25
0.531283260590435
1677.2
1714.0
0.7717452913826695
1675.4
1714.75
0.8424742923879605
1677.2
1715.5
0.8406891680133334
1679.9
1716.25
0.8199262115967255
1682.15
1717.0
0.8074094352948646
1683.5
1717.75
0.8125890953618287
1684.4
1718.5
0.8266971558755616
1685.75
1719.25
0.8315038102215527
1686.65
1720.0
0.845235560746787
1688.0
1720.75
0.8496656160342692
1689.35
1721.5
0.8537948186612145
1690.7
1722.25
0.8576245118951786
1691.6
1723.0
0.8703776776599901
1692.95
1723.75
0.873829993109702
1694.75
1724.5
0.867755004455447
1696.1
1725.25
0.8703794957470912
1697.0
1726.0
0.8819287029814719
1698.35
1726.75
0.8841770546412486
1699.7
1727.5
0.886124260842799
1701.05
1728.25
0.8877588222479829
1702.4
1729.0
0.8891040618014316
1703.75
1729.75
0.8901480286192893
1705.1
1730.5
0.8908909620451946
1706.0
1731.25
0.9005588423955441
1707.8
1732.0
0.8917000125896941
1708.7
1732.75
0.9007658398669949
1710.05
1733.5
0.9005305596888076
1711.4
1734.25
0.8999942839270813
1712.3
1735.0
0.9083767679029713
1713.65
1735.75
0.9074638699227553
1715.0
1736.5
0.9062504018956423
1716.8
1737.25
0.8955098065024625
1717.7
1738.0
0.9026942561644307
1718.6
1738.75
0.9098032850492019
1719.95
1739.5
0.9076114377027742
1721.3
1740.25
0.9051158297604333
1722.2
1741.0
0.9115478499716513
1723.55
1741.75
0.9086770409768832
1724.45
1742.5
0.914732710412144
1725.8
1743.25
0.9114873973923934
1727.15
1744.0
0.9079410089808686
1728.05
1744.75
0.9133193338149797
1728.95
1745.5
0.9186223868727676
1730.3
1746.25
0.9146240688627969
1731.65
1747.0
0.9103195248967393
1732.55
1747.75
0.9149452331048262
1733.45
1748.5
0.9194900627517695
1734.8
1749.25
0.9147366118109239
1735.7
1750.0
0.9189105792808527
runtime error
1750.75
0.9414610359424347
1738.85
1751.5
0.8998072857385895
1739.3
1752.25
0.9123043528658165
1740.2
1753.0
0.9157204139620061
1741.1
1753.75
0.91906674322963
1742.45
1754.5
0.9131121401256319
1743.35
1755.25
0.9160820677763248
1744.25
1756.0
0.9189768890714651
1745.6
1756.75
0.912570762149098
1746.05
1757.5
0.9243151480728404
1747.4
1758.25
0.917758577378987
1748.3
1759.0
0.9201265812349335
1749.65
1759.75
0.9131938200640666
1750.55
1760.5
0.9151856396591679
1751.45
1761.25
0.917102154756784
1752.35
1762.0
0.9189436398988986
1753.25
1762.75
0.920709592468143
1754.15
1763.5
0.9223983064794526
1755.5
1764.25
0.9147880744242674
1756.4
1765.0
0.9160998193192468
1757.3
1765.75
0.9173391602104916
1757.75
1766.5
0.9277290719962125
1759.1
1767.25
0.9198178317511104
1760.0
1768.0
0.9208313988173012
1761.35
1768.75
0.9125437173187755
runtime error
1769.5
0.9316325013625645
1763.15
1770.25
0.9141946095061289
1764.05
1771.0
0.9146813020253195
1764.95
1771.75
0.9150913142752642
1765.85
1772.5
0.9154276025217793
runtime error
1773.25
0.9341401703184865
1767.65
1774.0
0.9163258616626249
1769.0
1774.75
0.9072106280714277
1769.45
1775.5
0.9162458888143296
1770.35
1776.25
0.9162058922749781
1771.25
1777.0
0.9160906739008431
1772.15
1777.75
0.9159001435434804
1773.05
1778.5
0.9156329735499633
1773.95
1779.25
0.9152919988185162
1774.85
1780.0
0.9148757447731518
1775.75
1780.75
0.9143841684591775
1776.65
1781.5
0.9138173924523578
1777.55
1782.25
0.9131753731328263
1778.45
1783.0
0.912458140712976
1779.35
1783.75
0.9116656499636198
1780.25
1784.5
0.9107978097420937
1780.7
1785.25
0.9190805681014058
1782.05
1786.0
0.9090622359508292
1782.95
1786.75
0.9079678173059222
1783.4
1787.5
0.9160247136825311
1784.3
1788.25
0.9150064041340368
1785.65
1789.0
0.9046870633786905
1786.1
1789.75
0.912518302172425
1787.0
1790.5
0.9112727789938457
1787.45
1791.25
0.9191792165100573
1788.8
1792.0
0.9087834357559699
1789.7
1792.75
0.9073130047887562
1790.6
1793.5
0.9057679392367628
1791.05
1794.25
0.9133733637362736
1791.95
1795.0
0.9119035107290744
1792.85
1795.75
0.9103584382975128
1793.75
1796.5
0.908738104467989
1794.65
1797.25
0.9070426665359725
1795.55
1798.0
0.9052718066424149
1796.0
1798.75
0.9126511507898578
1796.9
1799.5
0.9109555631238212
1797.8
1800.25
0.9091847305673378
1798.7
1801.0
0.9073385305291413
runtime error
1801.75
0.9238686935561894
1800.5
1802.5
0.9038722365754851
1801.4
1803.25
0.9018004158836592
1801.85
1804.0
0.9088790369409349
1802.75
1804.75
0.906882367004753
1803.65
1805.5
0.9048099850678433
1804.55
1806.25
0.9026629519891756
1805.0
1807.0
0.9096663281869897
1805.9
1807.75
0.9075944537281979
1806.8
1808.5
0.9054473232531565
1807.7
1809.25
0.9032249235647916
1808.15
1810.0
0.9101526426780212
1809.5
1810.75
0.898779772828818
1809.95
1811.5
0.9055568706649539
runtime error
1812.25
0.9217107803267237
1811.75
1813.0
0.9013378853541619
1812.65
1813.75
0.8988897452265011
1813.1
1814.5
0.9055921422606731
1814.0
1815.25
0.903219188354016
1814.9
1816.0
0.9007710381686675
1815.8
1816.75
0.8982477288943546
1816.25
1817.5
0.9048747726184138
1816.7
1818.25
0.91165235445261
1818.05
1819.0
0.9001289469009655
1818.5
1819.75
0.9067560234373816
1819.4
1820.5
0.9043078981143224
1820.3
1821.25
0.901784477267267
1821.2
1822.0
0.8991858121347426
1821.65
1822.75
0.9057376635754096
1822.55
1823.5
0.9032142682319896
1823.45
1824.25
0.9006156162124871
1823.9
1825.0
0.90716749757707
1824.8
1825.75
0.9046440828341262
1825.7
1826.5
0.9020454414099454
1826.15
1827.25
0.9085973307472456
1827.5
1828.0
0.896848171393276
1827.95
1828.75
0.9032494649952648
1828.85
1829.5
0.9005755336362149
1829.3
1830.25
0.9070520848280208
1830.2
1831.0
0.9044534417349098
1831.1
1831.75
0.9017792760193373
1832.0
1832.5
0.8990300570011146
1832.45
1833.25
0.9054314150142668
1833.35
1834.0
0.9027572349870231
1834.25
1834.75
0.9000080420398721
1834.7
1835.5
0.9064091488838195
1835.6
1836.25
0.9037351228988197
1836.05
1837.0
0.9102117234331387
1836.95
1837.75
0.9076129933077097
1837.85
1838.5
0.9049387859821347
1838.75
1839.25
0.9021895982086668
1839.65
1840.0
0.899365176330208
1840.1
1840.75
0.9056909723132877
1841.0
1841.5
0.9029417778283367
1841.45
1842.25
0.9093431253796816
1842.35
1843.0
0.9066689130640058
1843.25
1843.75
0.9039197597420225
1844.15
1844.5
0.9010953532636157
1844.15
1845.25
0.9166471162569513
1845.95
1846.0
0.8956721952635049
1846.4
1846.75
0.9018477379786959
1846.85
1847.5
0.9081737641650465
1847.75
1848.25
0.9054244139271983
1848.2
1849.0
0.9118256658154725
1849.55
1849.75
0.899925994210841
1850.0
1850.5
0.9061768373543032
1850.9
1851.25
0.9033524368089427
1851.8
1852.0
0.9004527808612601
1852.25
1852.75
0.9067036007827528
1853.15
1853.5
0.9038791788291921
1853.6
1854.25
0.9102052657723453
1854.5
1855.0
0.9074561166107663
1854.95
1855.75
0.9138573499882221
1856.3
1856.5
0.901957667776348
1856.75
1857.25
0.9082084780240068
1857.65
1858.0
0.9053839163142434
1858.1
1858.75
0.9117099984300164
1859.45
1859.5
0.8997350820082427
1859.45
1860.25
0.9151364277476073
1860.8
1861.0
0.9032367557925004
1861.25
1861.75
0.9094875810545692
1862.15
1862.5
0.9066629983204594
1862.6
1863.25
0.9129890813660648
1863.5
1864.0
0.9102399128687391
1864.4
1864.75
0.9074154952502241
1864.85
1865.5
0.9137416000539091
1865.75
1866.25
0.9109924530798206
1866.65
1867.0
0.908168044794797
1867.1
1867.75
0.9144941480797556
1868.0
1868.5
0.9117450010401019
1868.9
1869.25
0.9089206069535007
1869.8
1870.0
0.9060209499186295
1870.25
1870.75
0.9122718019849071
1871.15
1871.5
0.9094472785812607
1871.6
1872.25
0.9157733487641838
1872.5
1873.0
0.9130241690552243
1873.4
1873.75
0.9101997408348312
runtime error
1874.5
0.9257515341192473
1874.3
1875.25
0.9232279071706551
1876.1
1876.0
0.9021777477103498
1876.55
1876.75
0.9082780727130192
runtime error
1877.5
0.923754603565337
1877.9
1878.25
0.9119301698207846
1878.8
1879.0
0.9090304641270655
1879.7
1879.75
0.9060555468481778
1880.15
1880.5
0.9122311341947307
1880.6
1881.25
0.9185569474726941
1881.5
1882.0
0.9158077706187971
1882.4
1882.75
0.9129833528751125
1883.3
1883.5
0.9100836849254387
1883.75
1884.25
0.9163345398646602
1884.65
1885.0
0.913510139682292
1885.55
1885.75
0.9106104788112658
1886.0
1886.5
0.9168613212633141
1886.9
1887.25
0.9140368926632394
1887.35
1888.0
0.9203629295814063
1888.25
1888.75
0.9176137599337109
1889.15
1889.5
0.9147893326437463
1890.05
1890.25
0.9118896596992032
1890.5
1891.0
0.9181404699885852
1890.5
1891.75
0.9337674290293463
1892.3
1892.5
0.9128677494639175
1892.75
1893.25
0.9191186766737707
1893.65
1894.0
0.916294175274967
1894.1
1894.75
0.9226202505022312
1895.0
1895.5
0.919871098682285
1895.9
1896.25
0.9170466819566476
1896.35
1897.0
0.9233727699226165
1897.25
1897.75
0.9206234198874241
1898.15
1898.5
0.9177990047639596
1899.05
1899.25
0.9148993457978978
1899.5
1900.0
0.921150170732141
1900.4
1900.75
0.9183257637029872
1900.85
1901.5
0.9246518607193254
1901.75
1902.25
0.921902595251203
1902.65
1903.0
0.9190781966793523
1903.1
1903.75
0.925404262391331
1904.0
1904.5
0.9226548966622357
1904.45
1905.25
0.9290561915230746
1905.8
1906.0
0.9171565317916883
1906.25
1906.75
0.9234073588836197
1906.7
1907.5
0.929808709019422
1907.6
1908.25
0.927134817736151
1908.5
1909.0
0.9243856637048725
1909.4
1909.75
0.921561176834105
1909.85
1910.5
0.9278872597867271
Soak counter 10
1910.75
1911
0.9200127547258142
Soak counter 20
1911.2
1911
0.9109123914736503
Soak counter 30
1911.65
1911
0.9015861981111749
Soak counter 40
1912.1
1911
0.8920342203658841
Soak counter 50
1912.55
1911
0.8822563684654248
Soak counter 60
1912.55
1911
0.881478459672929
Soak counter 70
1912.55
1911
0.8807005175656092
Soak counter 80
1912.55
1911
0.8799225897967827
Soak counter 90
1913.0
1911
0.8699188108384612
Soak counter 100
1913.0
1911
0.8689149652421477
Soak counter 110
runtime error
1911
0.8679110974013808
Soak counter 120
1913.45
1911
0.8576813080394262
Soak counter 130
1913.45
1911
0.8564515360844129
Soak counter 140
1913.45
1911
0.8552217797547572
Soak counter 150
1913.45
1911
0.853992036071419
Soak counter 160
1913.45
1911
0.8527623352336877
Soak counter 170
1913.9
1911
0.8423074205255493
Soak counter 180
1913.45
1911
0.8500776242417091
Soak counter 190
1913.9
1911
0.8396219974118455
Soak counter 200
1913.9
1911
0.8381663730365021
Soak counter 210
1913.45
1911
0.8459365973722927
Soak counter 220
1913.9
1911
0.835480955089329
Soak counter 230
1913.9
1911
0.8340254276156408
Soak counter 240
1914.35
1911
0.8233440130782147
Soak counter 250
1913.9
1911
0.8308884568071347
Soak counter 260
1913.9
1911
0.8294340081810933
Soak counter 270
1914.35
1911
0.8187524846208114
Soak counter 280
1914.35
1911
0.8170710601794738
Soak counter 290
1913.9
1911
0.8246154135405999
Soak counter 300
