1780.7
1948.6
1
1781.6
1949.35
1
1782.95
1950.1
1
1784.3
1950.85
1
1785.2
1951.6
1
1786.55
1952.35
1
1787.45
1953.1
1
1788.8
1953.85
1
1789.7
1954.6
1
1791.05
1955.35
1
1792.4
1956.1
1
1793.75
1956.85
1
1794.65
1957.6
1
1796.0
1958.35
1
1796.9
1959.1
1
1798.25
1959.85
1
1799.15
1960.6
1
1800.5
1961.35
1
^CTraceback (most recent call last):
  File "first-bisque.py", line 60, in <module>
    time.sleep(time_on)
KeyboardInterrupt
pi@raspberrypi:~/kiln-controller/control $ nohup python3 first-bisque.py &
[1] 1482
pi@raspberrypi:~/kiln-controller/control $ nohup: ignoring input and appending output to 'nohup.out'

pi@raspberrypi:~/kiln-controller/control $ cat nohup.out
pi@raspberrypi:~/kiln-controller/control $ cat nohup.out
pi@raspberrypi:~/kiln-controller/control $ kill 1482
pi@raspberrypi:~/kiln-controller/control $ python3 first-bisque.py
1775.3
1775.3
None
1778.9
1779.3
0.008200562496182506
1771.7
1783.3
0.2380154081201534
1757.3
1787.3
0.6210624047136305
1750.1
1791.3
0.8657267433691034
1751.9
1795.3
0.9314930415320368
1756.85
1799.3
0.9337832766032227
1761.8
1803.3
0.9355966297662257
1766.3
1804.05
0.8795300327217578
1769.45
1804.8
0.8492595237386207
1770.8
1805.55
0.8546879626971482
1772.15
1806.3
0.8598152269738883
1773.5
1807.05
0.8646415561932315
1774.85
1807.8
0.8691670903980738
1776.2
1808.55
0.8733919111090878
1777.55
1809.3
0.8773160731095073
runtime error
1810.05
0.9086158299940822
1780.7
1810.8
0.8757122315150478
1781.6
1811.55
0.8877334242922075
1782.95
1812.3
0.8904532728660085
1784.3
1813.05
0.8928672491180893
1785.2
1813.8
0.9042112878119923
1787.0
1814.55
0.8970289550316322
1788.35
1815.3
0.8985453778547055
1789.7
1816.05
0.8997606654918171
1790.6
1816.8
0.9099012319457536
1791.95
1817.55
0.910740549572704
1793.3
1818.3
0.9112791119897361
1794.65
1819.05
0.9115163969552484
1796.0
1819.8
0.9114531767523274
1796.9
1820.55
0.920314509349462
1798.25
1821.3
0.9198750257039054
1799.6
1822.05
0.9191343649166825
1800.95
1822.8
0.918093350039718
1801.85
1823.55
0.9259769156026842
1803.65
1824.3
0.9153338176387513
1804.1
1825.05
0.9318410707581045
1805.45
1825.8
0.9300470568942998
1806.8
1826.55
0.9279527712392799
1808.15
1827.3
0.9255575036370718
1809.5
1828.05
0.9228609424763901
1809.95
1828.8
0.9383147473144504
1811.3
1829.55
0.9354674816924324
1812.65
1830.3
0.9323195721000397
1814.0
1831.05
0.9288707783758622
1814.9
1831.8
0.9343465715718232
1816.25
1832.55
0.9305193776762466
1817.15
1833.3
0.9356192212295494
1818.5
1834.05
0.9314181564468125
1819.4
1834.8
0.9361417535656652
1820.3
1835.55
0.9407902975463855
1821.65
1836.3
0.9361353603744468
1823.0
1837.05
0.9311818388354758
1823.45
1837.8
0.9443785081940859
1825.25
1838.55
0.930048977420924
1825.7
1839.3
0.9428700395184724
1827.05
1840.05
0.9373903630214917
1827.95
1840.8
0.9408350944912403
1829.3
1841.55
0.9349789867168652
1830.2
1842.3
0.9380475518315999
1831.1
1843.05
0.941041710760593
1832.0
1843.8
0.9439601199865318
1833.35
1844.55
0.9375773460149761
1834.25
1845.3
0.9401186126279808
1835.15
1846.05
0.942584976645704
1836.05
1846.8
0.9449765164518341
1836.95
1847.55
0.9472927574872937
1838.3
1848.3
0.9403070010900483
1839.2
1849.05
0.942247183527347
1840.1
1849.8
0.944112118224501
1841.45
1850.55
0.9366750326055254
1841.9
1851.3
0.94738945587575
1843.25
1852.05
0.9398029378455852
1844.15
1852.8
0.9411403811669306
1845.05
1853.55
0.9424033713018878
1845.95
1854.3
0.9435911845570767
1846.85
1855.05
0.9447029964715234
1847.75
1855.8
0.9457403372788402
runtime error
1856.55
0.9651538409638378
1850.45
1857.3
0.9295885890126192
1850.9
1858.05
0.9391743851733161
1851.8
1858.8
0.9396851000380497
1852.7
1859.55
0.9401195116543732
1853.6
1860.3
0.9404797629177559
1854.5
1861.05
0.940764910543558
1855.4
1861.8
0.9409745946103285
1856.3
1862.55
0.941109192895291
runtime error
1863.3
0.9596198793047644
1858.1
1864.05
0.941603388932942
1859.0
1864.8
0.9415122975933521
1859.9
1865.55
0.9413459842091749
1860.8
1866.3
0.9411038350409247
1861.25
1867.05
0.950012698690292
1862.6
1867.8
0.9406207098168121
1863.5
1868.55
0.9401529885017841
1863.95
1869.3
0.9488361819928844
1864.85
1870.05
0.9484441473716484
1866.2
1870.8
0.9387507626551349
1866.65
1871.55
0.9472082880610178
1867.55
1872.3
0.9465906799250817
1868.9
1873.05
0.9366714687257954
1869.35
1873.8
0.9449031962370857
1870.7
1874.55
0.934834096664186
1871.15
1875.3
0.9429151805150456
1872.05
1876.05
0.941921300195453
runtime error
1876.8
0.9593032374787305
1873.85
1877.55
0.9401588121736034
1874.75
1878.3
0.938939284228083
1875.2
1879.05
0.9468701992040829
1876.1
1879.8
0.9457254355066999
1877.0
1880.55
0.9445059033292497
1877.9
1881.3
0.9432111293357557
1878.35
1882.05
0.9510663748127205
1879.25
1882.8
0.9498462160134279
1880.6
1883.55
0.9393257710909826
1881.05
1884.3
0.9469557895904752
1881.95
1885.05
0.94551051759779
1882.85
1885.8
0.9439900266772492
1883.3
1886.55
0.9516199347978804
1884.2
1887.3
0.9501746108096792
1885.55
1888.05
0.9394284551900598
1886.0
1888.8
0.946832513226863
1886.9
1889.55
0.9451614938777629
1887.8
1890.3
0.9434153457385274
1888.25
1891.05
0.9508194308787546
1889.15
1891.8
0.9491484821659271
1890.05
1892.55
0.9474021577459546
1890.95
1893.3
0.9455806938642216
1891.85
1894.05
0.9436840862292032
1892.75
1894.8
0.9417122254490815
1893.2
1895.55
0.9488905506485653
1894.1
1896.3
0.9469939461868981
1895.0
1897.05
0.9450221047615965
1895.9
1897.8
0.9429748107743205
1896.8
1898.55
0.9408525176537007
1897.25
1899.3
0.9478806661844215
1898.15
1900.05
0.9458333593547286
1899.05
1900.8
0.9437110484600036
1899.5
1901.55
0.9507392118245324
1900.4
1902.3
0.9486919195586384
1901.75
1903.05
0.9373439131814201
1902.2
1903.8
0.9441463775139995
1903.1
1904.55
0.9418734179800725
1904.0
1905.3
0.9395252006703574
1904.45
1906.05
0.9463276703816601
1904.9
1906.8
0.9532805953496634
1906.25
1907.55
0.9419325903981882
1907.15
1908.3
0.9395093466257988
1907.6
1909.05
0.9462365180802321
1908.5
1909.8
0.943888517359491
1909.4
1910.55
0.9414652734088836
1909.85
1911.3
0.9481923432773327
1910.75
1912.05
0.9458443436568933
1911.65
1912.8
0.9434211145257888
1912.55
1913.55
0.9409225372290577
1913.0
1914.3
0.9475745233666854
1913.45
1915.05
0.9543769809663242
1914.8
1915.8
0.9428784169614279
1915.25
1916.55
0.9495304184257939
runtime error
1917.3
0.9655585449624016
1917.05
1918.05
0.9450599893140755
runtime error
1918.8
0.9609376740384065
1918.85
1919.55
0.9402887364292116
1919.75
1920.3
0.9375645282328082
1920.2
1921.05
0.9439908180963936
1921.1
1921.8
0.9413418940889806
1921.55
1922.55
0.947843345128294
1922.45
1923.3
0.9452696474045458
1922.9
1924.05
0.9518463337022
1923.8
1924.8
0.9493478366690835
1924.7
1925.55
0.9467741436672152
1925.6
1926.3
0.9441252172398537
1926.05
1927.05
0.9506266361284217
1926.95
1927.8
0.9480529363578499
1927.85
1928.55
0.9454038971358507
1928.75
1929.3
0.942679739522929
1929.2
1930.05
0.9491060442209184
1929.65
1930.8
0.9556828072071006
1931.0
1931.55
0.9439586345863292
1931.45
1932.3
0.9503849348157584
1931.9
1933.05
0.9569617076861788
1932.8
1933.8
0.9544631472575622
1933.7
1934.55
0.9518894542860923
1934.15
1935.3
0.9584662272798944
1935.05
1936.05
0.9559676348912672
1935.5
1936.8
0.9626195927464909
1936.4
1937.55
0.9601963599139379
1937.3
1938.3
0.9576978222304537
1937.75
1939.05
0.9643498099642938
1939.1
1939.8
0.9527008868664466
1939.55
1940.55
0.9592023177474691
1940.45
1941.3
0.956628625606888
1940.9
1942.05
0.9632053944468424
runtime error
1942.8
0.9791580783307477
1942.7
1943.55
0.9585843881660633
1943.6
1944.3
0.9559354646342954
1944.05
1945.05
0.962436898853178
1944.95
1945.8
0.9598632009470395
1945.4
1946.55
0.9664399648380202
1946.3
1947.3
0.9639413990092227
1947.2
1948.05
0.9613677049535443
1947.65
1948.8
0.9679444732862631
1948.55
1949.55
0.9654459029513546
1949.45
1950.3
0.9628722063118148
1949.9
1951.05
0.9694489742880978
1950.8
1951.8
0.9669503403550332
1951.7
1952.55
0.9643766491162704
1952.15
1953.3
0.9709534141999401
1953.05
1954.05
0.9684548973780815
1953.95
1954.8
0.9658811978000328
1954.4
1955.55
0.9724578868257915
1955.3
1956.3
0.96995939383387
1956.2
1957.05
0.9673856968092842
1956.65
1957.8
0.9739624581640873
1957.55
1958.55
0.9714638790792169
1958.45
1959.3
0.9688901860469503
1959.35
1960.05
0.9662412618225764
1960.25
1960.8
0.9635170523148708
1960.7
1961.55
0.9699433514195603
1961.6
1962.3
0.9672944269448469
1962.5
1963.05
0.9645702153849534
1962.95
1963.8
0.9709965146213692
1963.85
1964.55
0.9683475897878357
1964.75
1965.3
0.9656233862203291
1965.2
1966.05
0.9720496745741288
1966.1
1966.8
0.9694011967635103
1966.55
1967.55
0.9759024398183762
runtime error
1968.3
0.9917792830473124
1968.8
1969.05
0.9619046673870026
1969.25
1969.8
0.9681804736345937
1970.15
1970.55
0.965381088821283
1970.6
1971.3
0.971732108479137
[1]+  Terminated              nohup python3 first-bisque.py
pi@raspberrypi:~/kiln-controller/control $ python3 first-bisque.py
1830.65
1830.65
None
1825.7
1831.4
0.11685769362688157
1821.2
1832.15
0.22734973186075783
1818.95
1832.9
0.29434629325926404
1818.5
1833.65
0.3259448080104609
1818.95
1834.4
0.3396940118086349
1819.85
1835.15
0.344367905473713
1819.85
1835.9
0.36741409307599465
1820.75
1836.65
0.3723887467145942
runtime error
1837.4
0.3957393419516109
1821.65
1838.15
0.40101482363462493
1822.1
1838.9
0.4154359783244174
1822.55
1839.65
0.4300122188472781
1823.0
1840.4
0.4447367110776925
^CTraceback (most recent call last):
  File "first-bisque.py", line 56, in <module>
    GPIO.output(16, GPIO.LOW)
KeyboardInterrupt
pi@raspberrypi:~/kiln-controller/control $ python3 first-bisque.py
1822.1
1971
None
1815.35
1971
1
1818.05
1971
1
1828.4
1971
1
1839.2
1971
1
1848.65
1971
1
1856.75
1971
1
1863.5
1971
1
1869.35
1971
1
1874.75
1971
1
1879.25
1971
1
1883.75
1971
1
1887.35
1971
1
1890.95
1971
1
1894.55
1971
1
1897.7
1971
1
1900.4
1971
1
1903.1
1971
1
1905.8
1971
1
1908.05
1971
1
1910.75
1971
1
1913.0
1971
1
1915.25
1971
1
1917.05
1971
1
1918.85
1971
1
1921.1
1971
1
1922.9
1971
1
1924.7
1971
1
1926.5
1971
1
1928.3
1971
1
1930.1
1971
1
1931.45
1971
1
1933.25
1971
1
1935.05
1971
1
1935.95
1971
1
1937.75
1971
1
1939.1
1971
1
1940.9
1971
1
1941.8
1971
1
1943.15
1971
1
1944.5
1971
1
1946.3
1971
1
1947.65
1971
1
1949.0
1971
1
1950.35
1971
1
1951.25
1971
1
runtime error
1971
1
1953.5
1971
1
1954.4
1971
1
1955.75
1971
1
1956.65
1971
1
1958.45
1971
1
1959.35
1971
1
1960.25
1971
1
1961.6
1971
1
runtime error
1971
1
1963.4
1971
1
runtime error
1971
1
1965.65
1971
1
^CTraceback (most recent call last):
  File "first-bisque.py", line 61, in <module>
    time.sleep(time_on)
KeyboardInterrupt