1211.9
1283.1
1
1214.6
1287.1
1
1216.85
1291.1
1
1219.55
1295.1
1
1222.25
1299.1
1
1224.95
1303.1
1
1227.65
1307.1
1
1229.9
1311.1
1
1232.6
1315.1
1
1234.85
1319.1
1
1237.1
1323.1
1
1239.8
1327.1
1
1242.05
1331.1
1
1244.3
1335.1
1
1247.0
1339.1
1
1249.25
1343.1
1
1251.5
1347.1
1
1253.75
1351.1
1
1256.0
1355.1
1
1258.7
1359.1
1
1260.95
1363.1
1
1262.75
1367.1
1
1265.45
1371.1
1
1267.7
1375.1
1
1269.95
1379.1
1
1272.2
1383.1
1
1274.9
1387.1
1
1277.15
1391.1
1
1279.4
1395.1
1
1281.65
1399.1
1
1284.35
1403.1
1
1286.6
1407.1
1
1288.85
1411.1
1
1291.1
1415.1
1
1293.35
1419.1
1
1295.6
1423.1
1
1297.85
1427.1
1
1300.1
1431.1
1
1302.35
1435.1
1
1304.6
1439.1
1
1306.85
1443.1
1
1309.1
1447.1
1
1311.35
1451.1
1
1313.6
1455.1
1
1315.85
1459.1
1
1318.1
1463.1
1
1320.35
1467.1
1
1322.15
1471.1
1
1324.4
1475.1
1
1326.65
1479.1
1
1328.9
1483.1
1
1331.15
1487.1
1
1333.4
1491.1
1
1335.65
1495.1
1
1337.9
1499.1
1
1340.15
1503.1
1
1341.95
1507.1
1
1344.2
1511.1
1
1346.45
1515.1
1
1348.7
1519.1
1
1350.95
1523.1
1
1353.2
1527.1
1
1355.45
1531.1
1
1357.25
1535.1
1
1359.5
1539.1
1
1361.3
1543.1
1
1363.1
1547.1
1
1365.35
1551.1
1
1367.6
1555.1
1
1369.4
1559.1
1
1371.65
1563.1
1
1373.9
1567.1
1
1375.7
1571.1
1
1377.95
1575.1
1
1380.2
1579.1
1
1382.0
1583.1
1
1384.25
1587.1
1
1386.05
1591.1
1
1388.3
1595.1
1
1390.55
1599.1
1
1392.35
1603.1
1
1394.15
1607.1
1
1396.4
1611.1
1
1398.2
1615.1
1
1400.45
1619.1
1
1402.25
1623.1
1
1404.05
1627.1
1
1406.3
1631.1
1
1408.1
1635.1
1
1409.9
1639.1
1
1412.15
1643.1
1
1413.95
1647.1
1
1416.2
1651.1
1
1418.0
1655.1
1
1420.25
1659.1
1
1422.05
1663.1
1
1424.3
1667.1
1
1426.1
1671.1
1
1427.9
1675.1
1
1430.15
1679.1
1
1432.4
1683.1
1
1434.2
1687.1
1
1436.0
1691.1
1
1437.8
1695.1
1
1440.05
1699.1
1
1441.85
1703.1
1
1443.65
1707.1
1
1445.9
1711.1
1
1447.7
1715.1
1
1449.5
1719.1
1
1451.75
1723.1
1
1453.55
1727.1
1
1455.35
1731.1
1
1457.15
1735.1
1
1459.4
1739.1
1
1461.2
1743.1
1
1462.55
1747.1
1
1464.8
1751.1
1
1466.6
1755.1
1
1468.4
1759.1
1
1470.2
1763.1
1
1472.45
1767.1
1
1474.25
1771.1
1
1476.05
1775.1
1
1477.85
1779.1
1
1479.65
1783.1
1
1481.45
1787.1
1
1483.7
1791.1
1
1485.5
1795.1
1
1487.3
1799.1
1
1489.1
1803.1
1
1490.9
1803.85
1
1492.7
1804.6
1
1494.5
1805.35
1
1496.3
1806.1
1
1498.1
1806.85
1
1499.9
1807.6
1
1501.7
1808.35
1
1503.05
1809.1
1
1504.85
1809.85
1
1507.1
1810.6
1
1508.9
1811.35
1
1510.7
1812.1
1
1512.5
1812.85
1
1514.3
1813.6
1
1516.1
1814.35
1
1517.9
1815.1
1
1519.7
1815.85
1
1521.5
1816.6
1
1523.3
1817.35
1
1525.1
1818.1
1
1526.9
1818.85
1
1528.7
1819.6
1
1530.5
1820.35
1
1532.3
1821.1
1
1534.1
1821.85
1
1535.9
1822.6
1
1537.7
1823.35
1
1539.5
1824.1
1
1541.3
1824.85
1
1543.1
1825.6
1
1544.9
1826.35
1
1545.8
1827.1
1
1547.15
1827.85
1
1549.4
1828.6
1
1551.2
1829.35
1
1553.0
1830.1
1
1554.35
1830.85
1
1556.6
1831.6
1
1558.4
1832.35
1
1559.75
1833.1
1
1562.0
1833.85
1
1563.35
1834.6
1
1565.15
1835.35
1
1566.95
1836.1
1
1568.75
1836.85
1
1570.1
1837.6
1
1571.9
1838.35
1
1573.7
1839.1
1
1575.05
1839.85
1
1576.85
1840.6
1
1578.2
1841.35
1
1580.0
1842.1
1
1581.8
1842.85
1
1583.15
1843.6
1
1584.95
1844.35
1
1586.75
1845.1
1
1588.1
1845.85
1
1589.45
1846.6
1
1591.25
1847.35
1
1592.6
1848.1
1
1594.4
1848.85
1
1596.2
1849.6
1
1597.55
1850.35
1
1599.35
1851.1
1
1600.7
1851.85
1
1602.05
1852.6
1
1603.85
1853.35
1
1605.2
1854.1
1
1607.0
1854.85
1
1608.35
1855.6
1
1610.15
1856.35
1
1611.5
1857.1
1
1612.85
1857.85
1
1614.65
1858.6
1
runtime error
1859.35
1
1617.8
1860.1
1
1619.15
1860.85
1
1620.95
1861.6
1
1622.3
1862.35
1
1624.1
1863.1
1
1625.45
1863.85
1
1626.8
1864.6
1
1628.15
1865.35
1
1629.95
1866.1
1
1631.3
1866.85
1
1632.65
1867.6
1
1634.45
1868.35
1
1636.25
1869.1
1
1637.6
1869.85
1
1639.4
1870.6
1
1640.75
1871.35
1
1642.1
1872.1
1
1643.45
1872.85
1
1645.25
1873.6
1
1646.6
1874.35
1
1648.4
1875.1
1
1649.75
1875.85
1
1651.1
1876.6
1
1652.45
1877.35
1
1654.25
1878.1
1
1655.6
1878.85
1
1657.4
1879.6
1
1658.75
1880.35
1
1660.1
1881.1
1
1661.45
1881.85
1
1662.8
1882.6
1
1664.15
1883.35
1
1665.5
1884.1
1
1667.3
1884.85
1
1668.2
1885.6
1
1669.55
1886.35
1
1671.35
1887.1
1
1672.7
1887.85
1
1673.6
1888.6
1
1675.4
1889.35
1
1676.75
1890.1
1
1678.1
1890.85
1
1679.45
1891.6
1
1680.8
1892.35
1
1682.15
1893.1
1
1683.5
1893.85
1
1684.85
1894.6
1
1686.2
1895.35
1
1687.55
1896.1
1
1688.9
1896.85
1
1690.25
1897.6
1
1691.6
1898.35
1
1692.95
1899.1
1
1694.3
1899.85
1
1696.1
1900.6
1
1697.45
1901.35
1
1698.8
1902.1
1
1700.15
1902.85
1
1701.5
1903.6
1
1702.85
1904.35
1
1704.2
1905.1
1
1705.55
1905.85
1
1706.9
1906.6
1
1708.25
1907.35
1
1709.6
1908.1
1
1710.95
1908.85
1
1712.3
1909.6
1
1713.65
1910.35
1
1714.55
1911.1
1
1716.35
1911.85
1
1717.7
1912.6
1
1719.05
1913.35
1
1720.4
1914.1
1
1721.75
1914.85
1
1723.1
1915.6
1
1724.45
1916.35
1
1725.8
1917.1
1
1727.15
1917.85
1
1728.95
1918.6
1
1730.3
1919.35
1
1731.65
1920.1
1
1733.0
1920.85
1
1734.35
1921.6
1
1735.7
1922.35
1
1737.05
1923.1
1
1738.4
1923.85
1
1739.75
1924.6
1
1741.1
1925.35
1
1742.45
1926.1
1
1743.8
1926.85
1
1745.15
1927.6
1
1746.5
1928.35
1
1747.85
1929.1
1
1749.2
1929.85
1
1750.55
1930.6
1
1751.9
1931.35
1
1752.8
1932.1
1
1754.15
1932.85
1
1755.5
1933.6
1
1756.85
1934.35
1
1758.2
1935.1
1
1759.55
1935.85
1
1760.45
1936.6
1
1761.8
1937.35
1
runtime error
1938.1
1
1764.5
1938.85
1
1765.85
1939.6
1
1767.2
1940.35
1
1768.55
1941.1
1
1769.9
1941.85
1
1770.8
1942.6
1
1772.15
1943.35
1
1773.5
1944.1
1
1774.85
1944.85
1
1775.75
1945.6
1
1777.1
1946.35
1
1778.45
1947.1
1
1779.35
1947.85
1