139.1
139.1
None
139.1
143.1
0.08200556287765504
139.1
147.1
0.16601645832061768
139.1
151.1
0.25203498673439023
138.65
155.1
0.34928548826932887
138.65
159.1
0.43955661006212216
139.1
163.1
0.5225829775357246
139.55
167.1
0.6074003688812253
140.0
171.1
0.6939981670212745
140.9
175.1
0.7731505518507955
142.25
179.1
0.844626704096794
144.5
183.1
0.8989860792756079
147.2
187.1
0.94499450371027
151.7
191.1
0.9547548304700852
156.65
195.1
0.9550388855361936
162.95
199.1
0.927169299452305
170.15
203.1
0.8796956844502686
178.25
207.1
0.8121650964045524
187.25
211.1
0.7241266330480575
195.8
215.1
0.6428064372849461
203.9
219.1
0.5684287592625616
212.45
223.1
0.4827701730138064
220.1
227.1
0.413280851996541
226.85
231.1
0.36041242701172826
233.15
235.1
0.3153904361820218
238.55
239.1
0.2876662840765711
243.5
243.1
0.2684656720274685
247.55
247.1
0.2672400383770462
251.6
251.1
0.26598934521079054
254.75
255.1
0.28316488238096216
258.35
259.1
0.2915410316359996
261.5
263.1
0.30934348503947295
264.65
267.1
0.3275722627544412
267.8
271.1
0.3462273378086092
270.5
275.1
0.3745343672156338
273.2
279.1
0.40349336490750376
276.35
283.1
0.4238787071567774
279.05
287.1
0.4539147336483004
282.2
291.1
0.4753783714747436
285.35
295.1
0.4972682899391651
288.95
299.1
0.5103588944935806
293.0
303.1
0.5144244250679021
296.6
307.1
0.5276905684614182
300.65
311.1
0.5319317819786081
304.7
315.1
0.5361460539150246
309.2
319.1
0.5311112895810612
313.25
323.1
0.5350514378488069
317.75
327.1
0.5297407434934384
321.8
331.1
0.5334036724168065
326.75
335.1
0.51859155017376
331.25
339.1
0.512528629482389
335.75
343.1
0.5062151035183673
340.25
347.1
0.4996505875539785
344.3
351.1
0.5020602368068698
348.8
355.1
0.4952199275743965
352.85
359.1
0.49735455819487584
356.9
363.1
0.4994640684592735
360.95
367.1
0.5015470478504905
365.0
371.1
0.5036064464634664
369.05
375.1
0.5056407088267808
373.1
379.1
0.5076499011504652
376.7
383.1
0.5188599396789083
380.75
387.1
0.52104464604199
384.35
391.1
0.532430067148209
388.4
395.1
0.5347903715252889
392.0
399.1
0.546351229048968
396.05
403.1
0.5488870492750412
400.1
407.1
0.5513978984886412
404.6
411.1
0.5446567752116922
408.2
415.1
0.5561173439985524
412.25
419.1
0.5585528353017577
416.3
423.1
0.5609633098500973
420.35
427.1
0.5633486488002544
424.4
431.1
0.5657089021402611
428.45
435.1
0.5680441148740065
432.5
439.1
0.5703542470437297
436.55
443.1
0.5726392826998241
440.6
447.1
0.5748992557728296
444.65
451.1
0.5771341747355476
448.7
455.1
0.5793442052531255
452.75
459.1
0.5815290437090407
456.8
463.1
0.5836886786007889
460.85
467.1
0.5858215061807638
464.9
471.1
0.587931032853128
468.5
475.1
0.599241238822938
472.55
479.1
0.6015262767434129
477.05
483.1
0.5945605358612546
481.1
487.1
0.5965693340075022
484.7
491.1
0.6077794938433184
489.2
495.1
0.6007388036751761
492.8
499.1
0.6118977539384374
496.85
503.1
0.6140323915624626
501.35
507.1
0.6069162575596578
504.95
511.1
0.6180006952339425
508.55
515.1
0.6292857281571635
512.6
519.1
0.631545855272413
516.65
523.1
0.6337808429747837
520.7
527.1
0.6359906289702657
524.75
531.1
0.6381753448712838
528.8
535.1
0.6403340038895629
532.85
539.1
0.6424686430782088
536.9
543.1
0.6445781799501198
540.95
547.1
0.6466625877124075
545.0
551.1
0.6487217253416789
549.05
555.1
0.6507560324925206
553.1
559.1
0.6527649726170309
557.15
563.1
0.6547490673428791
561.2
567.1
0.6567081707459692
564.8
571.1
0.6678679963964246
569.3
575.1
0.6607769912761472
572.9
579.1
0.6718865347999352
576.95
583.1
0.6739710325181488
581.0
587.1
0.6760304933774485
584.6
591.1
0.6872905180561552
589.1
595.1
0.6802997751104841
593.15
599.1
0.6822839158695955
597.2
603.1
0.6842429920536285
601.25
607.1
0.6861769441783442
604.85
611.1
0.6973111123412857
608.9
615.1
0.6994204463309068
612.95
619.1
0.7015046249878412
617.0
623.1
0.7035637921404853
621.05
627.1
0.7055980933052325
625.1
631.1
0.7076072882753621
629.15
635.1
0.7095907539272328
633.2
639.1
0.7115498411536223
637.25
643.1
0.713483940494062
641.3
647.1
0.7153922689890886
644.9
651.1
0.7265017545676251
648.95
655.1
0.7285861967873579
653.0
659.1
0.7306445531380191
656.6
663.1
0.7419044781696806
660.65
667.1
0.7441393683755417
665.15
671.1
0.7371232298141738
668.75
675.1
0.7483079630500094
672.8
679.1
0.7504676745456481
676.85
683.1
0.7526014753204595
680.9
687.1
0.7547108700639029
684.95
691.1
0.7567953421956307
689.0
695.1
0.7588542014616744
693.05
699.1
0.7608884603631522
697.1
703.1
0.7628973346126091
700.7
707.1
0.7741068752467639
705.2
711.1
0.7670659605038173
709.25
715.1
0.7689999046784655
713.3
719.1
0.7709081617504383
716.9
723.1
0.7820177236038467
720.95
727.1
0.7841022081989057
725.0
731.1
0.7861608408767001
729.05
735.1
0.7881948591083314
733.1
739.1
0.7902040786117328
737.15
743.1
0.7921878864276432
741.2
747.1
0.7941466940784463
745.25
751.1
0.796080673819186
749.3
755.1
0.797989254058006
753.35
759.1
0.7998731349980844
757.4
763.1
0.8017318900609038
761.45
767.1
0.8035650028944024
765.5
771.1
0.805373294739725
769.1
775.1
0.816382526044847
773.15
779.1
0.8183661605799221
777.2
783.1
0.8203242267751703
781.25
787.1
0.8222558916515129
785.3
791.1
0.8241648551410463
789.35
795.1
0.8260487178480639
792.95
799.1
0.8371331619006405
797.45
803.1
0.8299668745821723
801.05
807.1
0.8410011089623002
805.1
811.1
0.8430096582710757
809.6
815.1
0.8357675146102919
813.2
819.1
0.8467259044802198
816.8
823.1
0.8578849272918728
821.3
827.1
0.8507933973884609
825.35
831.1
0.8526770220375075
829.4
835.1
0.8545357847785973
833.45
839.1
0.8563694976621876
837.5
843.1
0.8581781169515867
841.55
847.1
0.8599615662604599
845.6
851.1
0.8617200237005965
849.2
855.1
0.8726786754220736
853.25
859.1
0.8746126794314405
857.3
863.1
0.8765216277790099
861.35
867.1
0.8784054413390175
865.4
871.1
0.8802633315432097
869.9
875.1
0.8728713622581984
873.95
879.1
0.8744543091243517
877.55
883.1
0.8852378018349439
881.6
887.1
0.8869953923732059
885.65
891.1
0.888728806711438
889.7
895.1
0.8904371422445787
893.75
899.1
0.8921203871399186
897.35
903.1
0.9030041983008402
901.4
907.1
0.9048619849503067
905.45
911.1
0.9066957428932203
909.95
915.1
0.8992787760776294
913.55
919.1
0.9100622777199776
917.6
923.1
0.9118208243286627
921.65
927.1
0.9135542382121113
925.7
931.1
0.9152625230836883
929.3
935.1
0.9261714515185389
933.35
939.1
0.9280531943237801
937.4
943.1
0.929911966781619
941.45
947.1
0.9317456582468763
945.5
951.1
0.9335542452925467
949.55
955.1
0.9353368990796838
953.6
959.1
0.9370953767138739
957.65
963.1
0.9388287606465845
961.25
967.1
0.9497628853017116
965.3
971.1
0.9516707472997937
969.8
975.1
0.9443289143186842
973.4
979.1
0.9551876731866628
977.45
983.1
0.9570213347470776
981.5
987.1
0.9588300881516958
985.55
991.1
0.9606136726278101
989.15
995.1
0.9715978006905347
993.2
999.1
0.9735568668168799
997.25
1003.1
0.975490790418985
1001.3
1007.1
0.9773997959464823
1005.35
1011.1
0.9792836194455645
1009.4
1015.1
0.9811423922431499
1013.0
1019.1
0.9922017267191436
1017.05
1023.1
0.9942359557622706
1021.1
1027.1
0.9962441624635457
1025.15
1031.1
0.9982283274096234
1029.2
1035.1
1
1033.7
1039.1
0.9928929138344518
1037.3
1043.1
1
1041.35
1047.1
1
1044.95
1051.1
1
1048.55
1055.1
1
1052.6
1059.1
1
1056.2
1063.1
1
1059.8
1067.1
1
1062.95
1071.1
1
1066.55
1075.1
1
1069.7
1079.1
1
1072.85
1083.1
1
1076.45
1087.1
1
1079.6
1091.1
1
1082.75
1095.1
1
1085.9
1099.1
1
1089.05
1103.1
1
1092.2
1107.1
1
1095.35
1111.1
1
1098.5
1115.1
1
1101.65
1119.1
1
1104.35
1123.1
1
1107.5
1127.1
1
1110.2
1131.1
1
1113.35
1135.1
1
1116.05
1139.1
1
1119.2
1143.1
1
1122.35
1147.1
1
1125.05
1151.1
1
1127.75
1155.1
1
1130.9
1159.1
1
1133.6
1163.1
1
1136.3
1167.1
1
1139.0
1171.1
1
1142.15
1175.1
1
1144.85
1179.1
1
1147.55
1183.1
1
1150.25
1187.1
1
1152.95
1191.1
1
1155.65
1195.1
1
1158.35
1199.1
1
1161.05
1203.1
1
1163.3
1207.1
1
1166.0
1211.1
1
1168.7
1215.1
1
1171.4
1219.1
1
1174.1
1223.1
1
1176.8
1227.1
1
1179.5
1231.1
1
1181.75
1235.1
1
1184.45
1239.1
1
1187.15
1243.1
1
1189.85
1247.1
1
1192.55
1251.1
1
1194.8
1255.1
1
1197.5
1259.1
1
1199.75
1263.1
1
1202.45
1267.1
1
1204.7
1271.1
1
1206.95
1275.1
1
1209.65
1279.1
1